17766642909868058130,10921800585070774953 1336
2254239507517002236 1043
1250430020833640405 924
11888569066379603503,5440450712221885825 901
2228837645322681220 709
17831095819213676676,6401429614148345475,7413676098539789267 696
7617576175906322793 670
12664715338521683012 622
4643344870051815303 613
4061357872113450280 603
14940779386657346302 528
726174711625580935 525
11944729109494726624 525
8457237997922496538,3590125064334610687 456
11097878024256170139 433
2471984348452499818 416
16496318242013452561,5236304695133591580 402
9019483855092094967 348
3748829117619888894 301
11040677895022456988 231
10777136530412179569 222
12619209345184003027 215
8095218463542481067 214
14394472478509816248,10712802329193176067,10810382578079898537 209
12731906589694221305 209
5302092154685965393 205
3745727334869718431 201
935006617287790715 187
853064656161512620 187
10986799122751558384 184
3032682055952922359,15011478903321003220 172
4348910575877017766 170
7069498466040704503 166
15579853227920259642 165
9872302690859149380 160
6107325531042162678 160
15554747939087267209 158
6345641206578854017,429102382613440114,16686636666309032266 154
16494053027693693141,2019155999972302238 144
9512221546668576266 142
7814826500218882810 141
14270822170481133370 140
8452519309966999214 135
987817177097090596,14403816878568058683 132
6473644606884467791 129
3095269849835314095 129
16268285809405443178,469567953459816391 125
7191906505151277407,14787094829126316446,1364901072355254494,12822792861799271249 122
15151328051935459123 119
18217003468169681800 107
18111976045562432877 103
17241763016461383750 102
11265103186217917709,1423804503041853700 101
17559374760333968488 98
7118994421153889601 93
6213467718649794463 90
10471445648121255184 86
2741664858361885827 85
17540712414676727046 82
8720581075310602102 81
5656251523520837481 75
13046200421462083749,13021360675733443150 75
9469285840365544650 74
1066608088401708066 73
3273553693892067877 67
4378530448644595594,13172941186413574025 65
18298112768791508981 64
2541886074262287878,8924460428753965278 63
4120965274846987962 57
4811395532917369896 57
15394221802384617228 53
1965523728393558029 50
9340353919503578071 47
7426372046771115962 47
7610480527513064046 46
16295130435365990103,2456547071832294344 43
13372045702551332348 43
14594985058292814073 43
684436662966421061 41
3273742166310424316,14964455021812411272,6253902269778730814,1188360045255703991 40
4675131869514095820 40
13724877679765824056 40
445881558823431528 38
6251633562887283614 36
8050740196543639739 36
15690173176823572703,5159519491829986435 35
17853791691398286654 34
7419221198329577195 32
8643764712186211160,3464702864064592867 31
9054275167516914311 31
11343709371087280313 30
16677551820371444052 27
7213583629655453228,1411114462101707243 27
13621041706202411296 27
5019892223730894925 26
14658936176419871996,405592559232898639 25
14659039718259909589 25
7474610793083089141 23
17930901947040544584 22
11847404813452014186 22
4502892611533604349 22
14583174141795727444,4662912927671142445 22
15581864934816424318 21
10272593141167204712 21
4200777730517717106 19
5184418631926702828,11400685212099843186 18
859611454737340250 18
6632947253215446952 17
16941674438635770595 17
7367173473048507714 16
4754725764254370698 16
40028831341852099,10343727954691350214 16
15983575394020585674 15
10736570628617082030 13
10306546315448360067 13
11937161593355680525 12
14778485542675494915 12
10121709138180957198 11
15526564212076251883 11
13486348739945366922,2898437834389851132 10
16401606764419060059 9
17712083587418275641 8
3304032280356441643,16508598121234258701 6
6614828188007191971 5
12228237510741922196 5
14072230040117113426 4
3019874932806319751 3
1953885462158113209 1
12699100131549422568 1
10486665890979689546 1
14155094826299563540 1
1071790169840414222 1
NA 0
NA 0
NA 0
NA 0
NA 0
